Case #1: 2 
Case #2: 1 
Case #3: 1 2 
Case #4: 2 6 
Case #5: 26142916 11006167252 21986191588 32966215924 43946240260 54926264596 65906288932 76886313268 87866337604 98846361940 109826386276 120806410540 
Case #6: 2 68 134 200 266 332 398 464 530 596 662 728 794 860 926 992 
Case #7: 83385908498332845 
Case #8: 5656141 837108770 1668561399 2380977984 
Case #9: 1 
Case #10: 7077888 
Case #11: 1 
Case #12: 29602050781250 
Case #13: 1418554 282292084 563165614 844039144 1124912674 1405785012 
Case #14: 1968615202302 478373494159265 911383246700278 
Case #15: 111115565405 60557983145245 121004850725085 181451718304925 241898585884765 302345453464605 362792321044445 423239188624285 483686055870714 
Case #16: 10204 4050608 8091012 12131416 16171820 20212224 24252628 28293032 32333436 36373840 40414244 44454648 48495052 52535456 56575860 60616264 64656668 68697072 72737476 76777880 80818284 84858688 88899092 92939496 96979900 
Case #17: 1 
Case #18: 476655469 177315834146 354155012823 530994191500 707833370177 884672548854 1061511727531 1238350903236 
Case #19: 6831218886007 1482374495642145 
Case #20: 70918361480 35813772546960 71556626732440 107299480917920 143042335103400 178785189288880 214528043474360 250270897659840 
Case #21: 45 
Case #22: 67092666 35894575812 71722058958 107549542104 143377025250 179204508396 215031991542 250859474688 286686957834 322514440980 358341924126 394169407272 429996890418 465824373564 501651856710 
Case #23: 9 138 
Case #24: 1 2 3 4 5 6 7 8 9 10 11 12 13 14 15 16 17 18 19 20 21 22 23 24 25 26 27 28 29 30 31 32 33 34 35 36 37 38 39 40 41 42 43 44 45 46 
Case #25: 16 
Case #26: 268822560488 170164680788336 340060539016184 509956397244032 679852255471880 849748113699728 1019643971927576 1189539830155424 1359435688383272 1529331546611120 
Case #27: 486959 187965814 375444669 562923524 750402379 937881234 1125360089 1312838944 1500317799 1687796654 1875275509 2062754364 2250233219 2437712074 2625190929 2812663620 
Case #28: 258179 80293384 160328589 240363794 320398999 400434204 480469409 560504614 640539819 720575024 800610229 880645434 960676605 
Case #29: 113246208 
Case #30: 866826 151694412 302521998 453349584 604177170 
Case #31: 5044 1396928 2788812 4180696 5572580 6964464 8356348 9748232 11140116 12532000 13923884 15315768 16707652 18099536 19491420 20883304 22275188 23662100 
Case #32: 1 
Case #33: 12346 678900 
Case #34: 102030405060709 91011121314151618 181920212223242527 272829303132333436 363738394041424345 454647484950515254 545556575859606163 636465666768697072 727374757677787981 818283848586878890 909192939495969799 990000000000000000 
Case #35: 122254715 14426014736 
Case #36: 1939 327539 653139 978739 1304339 1629939 1955539 2281139 2606739 2932339 3257895 
Case #37: 1852 305432 609012 912592 1216172 1519752 1823332 2126912 2430492 2734072 3035844 
Case #38: 623749 57384866 
Case #39: 1 
Case #40: 1 
Case #41: 16777216 
Case #42: 24358194339840 
Case #43: 15 
Case #44: 1073741824 
Case #45: 432 
Case #46: 2 150 298 446 594 742 890 1038 1186 1334 1482 1630 1778 1926 2074 2222 2370 2518 2666 2814 2962 3110 3258 3406 3554 3702 3850 3998 4146 4294 4442 4590 4738 4886 5034 5182 5256 
Case #47: 99 28038 55977 83916 111855 139794 167733 195672 223611 251550 279489 307428 335367 363306 391245 419184 447123 475062 503001 530940 558879 586818 614757 642696 670635 698574 726513 754452 782391 810330 838269 866208 
Case #48: 13299 1476104 2938909 4401714 5863965 
Case #49: 7 48 
Case #50: 23 1286 2549 3812 5075 6338 7580 
Case #51: 103 30406 60709 91012 121315 151618 181921 212224 242527 272830 303133 333436 363739 394042 424345 454648 484951 515254 545557 575860 606163 636466 666769 697072 727375 757678 787981 818284 848587 878890 909193 939496 969799 990000 
Case #52: 1 2 3 
Case #53: 3972 972912 1941852 2910792 3879732 4848672 5817612 6786552 7755492 8724432 9693372 10662312 11631252 12600192 13569132 14534164 
Case #54: 144115188075855872 
Case #55: 1 
Case #56: 2 
Case #57: 2 190 378 566 754 942 1130 1318 1506 1694 1882 2070 2258 2446 2634 2822 3010 3198 3386 3574 3762 3950 4138 4326 4514 4702 4890 5078 5266 5454 5642 5830 6018 6206 6394 6582 6770 6958 7146 7334 7522 7710 7898 8086 8274 8462 8556 
Case #58: 28 
Case #59: 12345678900000000 
Case #60: 33 2826 5619 8412 11205 13998 16791 19584 22377 25170 
Case #61: 1 
Case #62: 1 2 3 4 5 6 7 8 9 10 11 12 13 14 15 16 17 18 19 20 21 22 23 24 25 26 27 28 29 30 31 32 33 34 35 36 37 38 39 40 41 42 43 
Case #63: 1855425871872 
Case #64: 10315155289473 6601699385262162 13193083615234851 19784467845207540 26375852075180229 32967236305152918 39558620535125607 46150004765098296 
Case #65: 4 
Case #66: 2345228234614116 
Case #67: 323889 108826394 217328899 325831404 434333909 542836414 651338919 759841424 868343929 976846434 1085348939 1193851444 1302353949 1410851760 
Case #68: 2 204 406 608 810 1012 1214 1416 1618 1820 2022 2224 2426 2628 2830 3032 3234 3436 3638 3840 4042 4244 4446 4648 4850 5052 5254 5456 5658 5860 6062 6264 6466 6668 6870 7072 7274 7476 7678 7880 8082 8284 8486 8688 8890 9092 9294 9496 9698 9900 
Case #69: 3252 718488 1433724 2148960 2864196 3579432 4294668 5009904 5725140 6440376 7155612 7870848 8586084 9301320 
Case #70: 641292648260959 175714185623256720 
Case #71: 7924 2765144 5522364 8279584 11036804 13794024 16551244 19308464 22065684 24822904 27580124 30337344 33094564 35851784 38609004 41366224 44123444 46880664 49637884 52395104 55152324 57909544 
Case #72: 2 142 282 422 562 702 842 982 1122 1262 1402 1542 1682 1822 1962 2102 2242 2382 2522 2662 2802 2942 3082 3222 3362 3502 3642 3782 3922 4062 4202 4342 4482 4622 4692 
Case #73: 6244 1929104 3851964 5774824 7697684 9620544 11543404 13466264 15389124 17311984 19234844 21157704 23080564 25003424 26926284 28849144 30772004 32694864 34617724 36534420 
Case #74: 1 2 3 4 5 6 7 8 9 10 11 12 13 14 15 16 17 18 19 20 21 22 23 24 25 26 27 28 29 30 31 32 33 34 35 36 37 38 39 40 41 42 43 44 45 46 47 48 49 50 51 52 53 54 55 56 57 58 59 60 61 62 63 64 65 66 67 68 69 70 71 72 73 74 75 76 77 78 79 80 81 82 83 84 85 86 87 88 89 90 91 92 93 94 95 96 97 98 99 100 
Case #75: 95118413940405 83989559509376814 167884000604813223 251778441700249632 335672882795686041 419567323891122450 503461764986558859 587356206081995268 671250647177431677 755145088272868086 839039529368304495 
Case #76: 1 
Case #77: 2 100 198 296 394 492 590 688 786 884 982 1080 1178 1276 1374 1472 1570 1668 1766 1864 1962 2060 2158 2256 
Case #78: 1 2 3 4 
Case #79: 54922875 
Case #80: 6 
Case #81: 1 
Case #82: 2941116294889472 
Case #83: 1 
Case #84: 518246912 112459579752 224400912592 336341607168 
Case #85: 378906250 
Case #86: 490328964 
Case #87: 62 10685 21308 31931 42554 53177 63800 74423 85046 95669 106292 116915 127538 138161 148784 159407 170030 180653 191276 201839 
Case #88: 585819 240771224 480956629 721142034 961327439 1201512844 1441698249 1681883654 1922069059 2162254464 2402439869 2642625274 2882810679 3122996084 3363181489 3603366894 3843545325 
Case #89: 140737488355328 
Case #90: 1020304050608 809101112131416 1617181920212224 2425262728293032 3233343536373840 4041424344454648 4849505152535456 5657585960616264 6465666768697072 7273747576777880 8081828384858688 8889909192939496 9697989900000000 
Case #91: 1235 56790 
Case #92: 1 2 3 4 5 6 7 8 9 10 
Case #93: 1 2 3 4 5 6 7 8 9 10 11 12 13 14 15 16 17 18 19 20 21 22 23 24 25 26 27 28 29 30 31 32 33 34 35 36 37 38 39 40 41 42 43 44 45 46 47 48 49 50 51 52 53 54 
Case #94: 18412816 7088933812 14159454808 21229975804 28300496800 35371017796 42441538792 49512059788 56582580784 63653101780 70723622710 
Case #95: 697229 303991434 607285639 910579844 1213874049 1517168254 1820462459 2123756664 2427050869 2730345074 3033639279 3336933484 3640227689 3943521894 4246816099 4550110304 4853404509 5156690880 
Case #96: 1 2 3 4 5 6 7 8 9 10 11 12 13 14 15 16 17 18 19 20 21 22 
Case #97: 20948517275446 9447781291225796 18874614065176146 28301446839126496 37728279608497680 
Case #98: 1 
Case #99: 2 12 
Case #100: 30399297484750848 
